Power
0000 0070 0000 0064 0080 003e 0010 0010 0010 002f 0010 0010 0010 0010 0010 0010 0010 0010 0010 0010 0010 0010 0010 0010 0010 0010 0010 0010 0010 0010 0010 0010 0010 002f 0010 0010 0010 0010 0010 0010 0010 0010 0010 0010 0010 0010 0010 002f 0010 0010 0010 0010 0010 002f 0010 0010 0010 0010 0010 0010 0010 0010 0010 0010 0010 0010 0010 0010 0010 0010 0010 002f 0010 0010 0010 002f 0010 002f 0010 002f 0010 002f 0010 0010 0010 0010 0010 002f 0010 0010 0010 002f 0010 002f 0010 0010 0010 002f 0010 0010 0010 002f 0010 0aa3 0080 003e 0010 0010 0010 002f 0010 0010 0010 0010 0010 0010 0010 0010 0010 0010 0010 0010 0010 0010 0010 0010 0010 0010 0010 0010 0010 0010 0010 002f 0010 0010 0010 0010 0010 0010 0010 0010 0010 0010 0010 0010 0010 002f 0010 0010 0010 0010 0010 002f 0010 0010 0010 0010 0010 0010 0010 0010 0010 0010 0010 0010 0010 0010 0010 0010 0010 002f 0010 0010 0010 002f 0010 002f 0010 002f 0010 002f 0010 0010 0010 0010 0010 002f 0010 0010 0010 002f 0010 002f 0010 0010 0010 002f 0010 0010 0010 002f 0010 09d1

Eject
0000 0070 0000 0065 0080 003e 0010 0010 0010 002f 0010 0010 0010 0010 0010 0010 0010 0010 0010 0010 0010 0010 0010 0010 0010 0010 0010 0010 0010 0010 0010 0010 0010 002f 0010 0010 0010 0010 0010 0010 0010 0010 0010 0010 0010 0010 0010 002f 0010 0010 0010 0010 0010 002f 0010 0010 0010 0010 0010 0010 0010 0010 0010 0010 0010 0010 0010 0010 0010 0010 0010 002f 0010 0010 0010 0010 0010 0010 0010 0010 0010 0010 0010 0010 0010 0010 0010 002f 0010 0010 0010 0010 0010 0010 0010 002f 0010 0010 0010 0010 0010 002f 0010 0aa3 0080 003e 0010 0010 0010 002f 0010 0010 0010 0010 0010 0010 0010 0010 0010 0010 0010 0010 0010 0010 0010 0010 0010 0010 0010 0010 0010 0010 0010 002f 0010 0010 0010 0010 0010 0010 0010 0010 0010 0010 0010 0010 0010 002f 0010 0010 0010 0010 0010 002f 0010 0010 0010 0010 0010 0010 0010 0010 0010 0010 0010 0010 0010 0010 0010 0010 0010 002f 0010 0010 0010 0010 0010 0010 0010 0010 0010 0010 0010 0010 0010 0010 0010 002f 0010 0010 0010 0010 0010 0010 0010 002f 0010 0010 0010 0010 0010 002f 0010 0aa3 0080 0029

Stop
0000 0070 0000 0068 0080 003e 0010 0010 0010 002f 0010 0010 0010 0010 0010 0010 0010 0010 0010 0010 0010 0010 0010 0010 0010 0010 0010 0010 0010 0010 0010 0010 0010 002f 0010 0010 0010 0010 0010 0010 0010 0010 0010 0010 0010 0010 0010 002f 0010 0010 0010 0010 0010 002f 0010 0010 0010 0010 0010 0010 0010 0010 0010 0010 0010 0010 0010 0010 0010 0010 0010 0010 0010 0010 0010 0010 0010 0010 0010 0010 0010 0010 0010 0010 0010 0010 0010 0010 0010 0010 0010 0010 0010 0010 0010 002f 0010 0010 0010 0010 0010 002f 0010 0aa2 0080 003e 0010 0010 0010 002f 0010 0010 0010 0010 0010 0010 0010 0010 0010 0010 0010 0010 0010 0010 0010 0010 0010 0010 0010 0010 0010 0010 0010 002f 0010 0010 0010 0010 0010 0010 0010 0010 0010 0010 0010 0010 0010 002f 0010 0010 0010 0010 0010 002f 0010 0010 0010 0010 0010 0010 0010 0010 0010 0010 0010 0010 0010 0010 0010 0010 0010 0010 0010 0010 0010 0010 0010 0010 0010 0010 0010 0010 0010 0010 0010 0010 0010 0010 0010 0010 0010 0010 0010 0010 0010 002f 0010 0010 0010 0010 0010 002f 0010 0aa2 0080 003e 0010 0010 0010 002f 000d 0001

Play
0000 0070 0000 0065 0080 003e 0010 0010 0010 002f 0010 0010 0010 0010 0010 0010 0010 0010 0010 0010 0010 0010 0010 0010 0010 0010 0010 0010 0010 0010 0010 0010 0010 002f 0010 0010 0010 0010 0010 0010 0010 0010 0010 0010 0010 0010 0010 002f 0010 0010 0010 0010 0010 002f 0010 0010 0010 0010 0010 0010 0010 0010 0010 0010 0010 0010 0010 0010 0010 0010 0010 0010 0010 002f 0010 0010 0010 002f 0010 0010 0010 0010 0010 0010 0010 0010 0010 0010 0010 002f 0010 0010 0010 002f 0010 002f 0010 0010 0010 0010 0010 002f 0010 0aa2 0080 003e 0010 0010 0010 002f 0010 0010 0010 0010 0010 0010 0010 0010 0010 0010 0010 0010 0010 0010 0010 0010 0010 0010 0010 0010 0010 0010 0010 002f 0010 0010 0010 0010 0010 0010 0010 0010 0010 0010 0010 0010 0010 002f 0010 0010 0010 0010 0010 002f 0010 0010 0010 0010 0010 0010 0010 0010 0010 0010 0010 0010 0010 0010 0010 0010 0010 0010 0010 002f 0010 0010 0010 002f 0010 0010 0010 0010 0010 0010 0010 0010 0010 0010 0010 002f 0010 0010 0010 002f 0010 002f 0010 0010 0010 0010 0010 002f 0010 0aa2 002c 0001

Pause / Still
0000 0070 0000 0032 007f 0040 0010 0010 0010 0030 0010 0010 0010 0010 0010 0010 0010 0010 0010 0010 0010 0010 0010 0010 0010 0010 0010 0010 0010 0010 0010 0010 0010 0030 0010 0010 0010 0010 0010 0010 0010 0010 0010 0010 0010 0010 0010 0030 0010 0010 0010 0010 0010 0030 0010 0010 0010 0010 0010 0010 0010 0010 0010 0010 0010 0010 0010 0010 0010 0010 0010 0010 0010 0030 0010 0030 0010 0010 0010 0010 0010 0010 0010 0010 0010 0010 0010 0010 0010 0030 0010 0030 0010 0010 0010 0030 0010 0010 0010 0010 0010 0030 0010 0aaf

Vss
0000 006f 0000 0032 0081 003f 0011 0011 0011 002f 0011 0011 0011 0011 0011 0011 0011 0011 0011 0011 0011 0011 0011 0011 0011 0011 0011 0011 0011 0011 0011 0011 0011 002f 0011 0011 0011 0011 0011 0011 0011 0011 0011 0011 0011 0011 0011 002f 0011 002f 0011 0011 0011 002f 0011 0011 0011 0011 0011 0011 0011 0011 0011 0011 0011 0011 0011 0011 0011 0011 0011 0011 0011 002f 0011 002f 0011 002f 0011 002f 0011 0011 0011 0011 0011 002f 0011 0011 0011 002f 0011 002f 0011 002f 0011 0011 0011 002f 0011 0011 0011 0011 0011 0ac0

Fast-Forward
0000 0070 0000 0065 0080 003e 0010 0010 0010 002f 0010 0010 0010 0010 0010 0010 0010 0010 0010 0010 0010 0010 0010 0010 0010 0010 0010 0010 0010 0010 0010 0010 0010 002f 0010 0010 0010 0010 0010 0010 0010 0010 0010 0010 0010 0010 0010 002f 0010 0010 0010 0010 0010 002f 0010 0010 0010 0010 0010 0010 0010 0010 0010 0010 0010 0010 0010 0010 0010 0010 0010 002f 0010 002f 0010 0010 0010 0010 0010 0010 0010 0010 0010 0010 0010 0010 0010 002f 0010 002f 0010 0010 0010 0010 0010 002f 0010 0010 0010 0010 0010 002f 0010 0aa2 0080 003e 0010 0010 0010 002f 0010 0010 0010 0010 0010 0010 0010 0010 0010 0010 0010 0010 0010 0010 0010 0010 0010 0010 0010 0010 0010 0010 0010 002f 0010 0010 0010 0010 0010 0010 0010 0010 0010 0010 0010 0010 0010 002f 0010 0010 0010 0010 0010 002f 0010 0010 0010 0010 0010 0010 0010 0010 0010 0010 0010 0010 0010 0010 0010 0010 0010 002f 0010 002f 0010 0010 0010 0010 0010 0010 0010 0010 0010 0010 0010 0010 0010 002f 0010 002f 0010 0010 0010 0010 0010 002f 0010 0010 0010 0010 0010 002f 0010 0aa2 002c 0001

Rewind
0000 0070 0000 0065 0080 003e 0010 0010 0010 002f 0010 0010 0010 0010 0010 0010 0010 0010 0010 0010 0010 0010 0010 0010 0010 0010 0010 0010 0010 0010 0010 0010 0010 002f 0010 0010 0010 0010 0010 0010 0010 0010 0010 0010 0010 0010 0010 002f 0010 0010 0010 0010 0010 002f 0010 0010 0010 0010 0010 0010 0010 0010 0010 0010 0010 0010 0010 0010 0010 0010 0010 0010 0010 002f 0010 0010 0010 0010 0010 0010 0010 0010 0010 0010 0010 0010 0010 0010 0010 002f 0010 0010 0010 0010 0010 002f 0010 0010 0010 0010 0010 002f 0010 0aa4 0080 003e 0010 0010 0010 002f 0010 0010 0010 0010 0010 0010 0010 0010 0010 0010 0010 0010 0010 0010 0010 0010 0010 0010 0010 0010 0010 0010 0010 002f 0010 0010 0010 0010 0010 0010 0010 0010 0010 0010 0010 0010 0010 002f 0010 0010 0010 0010 0010 002f 0010 0010 0010 0010 0010 0010 0010 0010 0010 0010 0010 0010 0010 0010 0010 0010 0010 0010 0010 002f 0010 0010 0010 0010 0010 0010 0010 0010 0010 0010 0010 0010 0010 0010 0010 002f 0010 0010 0010 0010 0010 002f 0010 0010 0010 0010 0010 002f 0010 0aa4 0080 0028

Skip Forward
0000 006f 0000 0032 0081 0040 0010 0010 0010 0030 0010 0010 0010 0010 0010 0010 0010 0010 0010 0010 0010 0010 0010 0010 0010 0010 0010 0010 0010 0010 0010 0010 0010 0030 0010 0010 0010 0010 0010 0010 0010 0010 0010 0010 0010 0010 0010 0030 0010 0030 0010 0010 0010 0030 0010 0010 0010 0010 0010 0010 0010 0010 0010 0010 0010 0010 0010 0010 0010 0010 0010 0010 0010 0030 0010 0010 0010 0030 0010 0010 0010 0010 0010 0030 0010 0010 0010 0010 0010 0030 0010 0010 0010 0030 0010 0030 0010 0030 0010 0030 0010 0030 0010 0abc

Skip Backwards
0000 006f 0000 0032 0081 0040 0010 0010 0010 0030 0010 0010 0010 0010 0010 0010 0010 0010 0010 0010 0010 0010 0010 0010 0010 0010 0010 0010 0010 0010 0010 0010 0010 0030 0010 0010 0010 0010 0010 0010 0010 0010 0010 0010 0010 0010 0010 0030 0010 0030 0010 0010 0010 0030 0010 0010 0010 0010 0010 0010 0010 0010 0010 0010 0010 0010 0010 0010 0010 0010 0010 0030 0010 0010 0010 0010 0010 0030 0010 0010 0010 0010 0010 0030 0010 0010 0010 0030 0010 0010 0010 0010 0010 0030 0010 0030 0010 0030 0010 0030 0010 0030 0010 0abc

Menu
0000 006f 0000 0032 0081 0040 0010 0010 0010 0030 0010 0010 0010 0010 0010 0010 0010 0010 0010 0010 0010 0010 0010 0010 0010 0010 0010 0010 0010 0010 0010 0010 0010 0030 0010 0010 0010 0010 0010 0010 0010 0010 0010 0010 0010 0010 0010 0030 0010 0030 0010 0010 0010 0030 0010 0010 0010 0010 0010 0010 0010 0010 0010 0010 0010 0010 0010 0010 0010 0010 0010 0010 0010 0010 0010 0010 0010 0010 0010 0010 0010 0010 0010 0010 0010 0030 0010 0010 0010 0010 0010 0010 0010 0010 0010 0030 0010 0030 0010 0010 0010 0010 0010 0abc

Up
0000 006f 0000 0032 0081 003f 0011 0011 0011 002f 0011 0011 0011 0011 0011 0011 0011 0011 0011 0011 0011 0011 0011 0011 0011 0011 0011 0011 0011 0011 0011 0011 0011 002f 0011 0011 0011 0011 0011 0011 0011 0011 0011 0011 0011 0011 0011 002f 0011 002f 0011 0011 0011 002f 0011 0011 0011 0011 0011 0011 0011 0011 0011 0011 0011 0011 0011 0011 0011 0011 0011 002f 0011 0011 0011 002f 0011 0011 0011 0011 0011 0011 0011 0011 0011 002f 0011 002f 0011 0011 0011 002f 0011 0011 0011 002f 0011 002f 0011 0011 0011 0011 0011 0ac0

Down
0000 006f 0000 0032 0080 0040 0010 0010 0010 0030 0010 0010 0010 0010 0010 0010 0010 0010 0010 0010 0010 0010 0010 0010 0010 0010 0010 0010 0010 0010 0010 0010 0010 0030 0010 0010 0010 0010 0010 0010 0010 0010 0010 0010 0010 0010 0010 0030 0010 0030 0010 0010 0010 0030 0010 0010 0010 0010 0010 0010 0010 0010 0010 0010 0010 0010 0010 0010 0010 0010 0010 0010 0010 0030 0010 0030 0010 0010 0010 0010 0010 0010 0010 0010 0010 0030 0010 0010 0010 0030 0010 0030 0010 0010 0010 0030 0010 0030 0010 0010 0010 0010 0010 0ac1

Left
0000 006f 0000 0032 0081 003f 0011 0011 0011 002f 0011 0011 0011 0011 0011 0011 0011 0011 0011 0011 0011 0011 0011 0011 0011 0011 0011 0011 0011 0011 0011 0011 0011 002f 0011 0011 0011 0011 0011 0011 0011 0011 0011 0011 0011 0011 0011 002f 0011 002f 0011 0011 0011 002f 0011 0011 0011 0011 0011 0011 0011 0011 0011 0011 0011 0011 0011 0011 0011 0011 0011 002f 0011 002f 0011 002f 0011 0011 0011 0011 0011 0011 0011 0011 0011 002f 0011 002f 0011 002f 0011 002f 0011 0011 0011 002f 0011 002f 0011 0011 0011 0011 0011 0ac0

Right
0000 006f 0000 0032 0080 0040 0010 0010 0010 0030 0010 0010 0010 0010 0010 0010 0010 0010 0010 0010 0010 0010 0010 0010 0010 0010 0010 0010 0010 0010 0010 0010 0010 0030 0010 0010 0010 0010 0010 0010 0010 0010 0010 0010 0010 0010 0010 0030 0010 0030 0010 0010 0010 0030 0010 0010 0010 0010 0010 0010 0010 0010 0010 0010 0010 0010 0010 0010 0010 0010 0010 0010 0010 0010 0010 0010 0010 0030 0010 0010 0010 0010 0010 0010 0010 0030 0010 0010 0010 0010 0010 0010 0010 0030 0010 0030 0010 0030 0010 0010 0010 0010 0010 0ac1

Enter / Set
0000 006f 0000 0032 0081 0040 0010 0010 0010 0030 0010 0010 0010 0010 0010 0010 0010 0010 0010 0010 0010 0010 0010 0010 0010 0010 0010 0010 0010 0010 0010 0010 0010 0030 0010 0010 0010 0010 0010 0010 0010 0010 0010 0010 0010 0010 0010 0030 0010 0030 0010 0010 0010 0030 0010 0010 0010 0010 0010 0010 0010 0010 0010 0010 0010 0010 0010 0010 0010 0010 0010 0010 0010 0030 0010 0010 0010 0010 0010 0010 0010 0010 0010 0010 0010 0030 0010 0010 0010 0030 0010 0010 0010 0010 0010 0030 0010 0030 0010 0010 0010 0010 0010 0abc

Subtitle
0000 006f 0000 0032 0081 0040 0010 0010 0010 0030 0010 0010 0010 0010 0010 0010 0010 0010 0010 0010 0010 0010 0010 0010 0010 0010 0010 0010 0010 0010 0010 0010 0010 0030 0010 0010 0010 0010 0010 0010 0010 0010 0010 0010 0010 0010 0010 0030 0010 0030 0010 0010 0010 0030 0010 0010 0010 0010 0010 0010 0010 0010 0010 0010 0010 0010 0010 0010 0010 0010 0010 0030 0010 0010 0010 0010 0010 0010 0010 0030 0010 0010 0010 0010 0010 0030 0010 0030 0010 0010 0010 0010 0010 0010 0010 0010 0010 0030 0010 0010 0010 0010 0010 0abc

Action
0000 0071 0000 0032 0080 003e 0010 0010 0010 002f 0010 0010 0010 0010 0010 0010 0010 0010 0010 0010 0010 0010 0010 0010 0010 0010 0010 0010 0010 0010 0010 0010 0010 002f 0010 0010 0010 0010 0010 0010 0010 0010 0010 0010 0010 0010 0010 002f 0010 0010 0010 0010 0010 002f 0010 002f 0010 0010 0010 0010 0010 0010 0010 0010 0010 0010 0010 0010 0010 0010 0010 0010 0010 002f 0010 002f 0010 0010 0010 002f 0010 0010 0010 002f 0010 0010 0010 002f 0010 002f 0010 002f 0010 0010 0010 0010 0010 0010 0010 002f 0010 002f 0010 0aa3

Title
0000 006f 0000 0032 0081 0040 0010 0010 0010 0030 0010 0010 0010 0010 0010 0010 0010 0010 0010 0010 0010 0010 0010 0010 0010 0010 0010 0010 0010 0010 0010 0010 0010 0030 0010 0010 0010 0010 0010 0010 0010 0010 0010 0010 0010 0010 0010 0030 0010 0030 0010 0010 0010 0030 0010 0010 0010 0010 0010 0010 0010 0010 0010 0010 0010 0010 0010 0010 0010 0010 0010 0030 0010 0030 0010 0010 0010 0030 0010 0030 0010 0010 0010 0010 0010 0030 0010 0030 0010 0030 0010 0010 0010 0030 0010 0010 0010 0030 0010 0010 0010 0010 0010 0abc
